[gd_scene load_steps=13 format=3 uid="uid://cu8sd2enacj3e"]

[ext_resource type="Script" path="res://Scripts/Water Movement/water_movement_test.gd" id="1_h7mff"]
[ext_resource type="Shader" path="res://Scripts/Shaders/water_shader.gdshader" id="1_svdwr"]
[ext_resource type="PackedScene" uid="uid://c8nrcyxiviwja" path="res://Assets/Characters/Player/player.tscn" id="2_o63d5"]
[ext_resource type="PackedScene" uid="uid://bssfh6x5ko83s" path="res://Assets/Objects/Boat/boat.tscn" id="2_rhyc4"]
[ext_resource type="ArrayMesh" uid="uid://uf3m063wiskh" path="res://Assets/Models/Objects/Box/Box.obj" id="4_465gm"]

[sub_resource type="ProceduralSkyMaterial" id="ProceduralSkyMaterial_00kn4"]

[sub_resource type="Sky" id="Sky_ehbyn"]
sky_material = SubResource("ProceduralSkyMaterial_00kn4")

[sub_resource type="Environment" id="Environment_gkvph"]
background_mode = 2
sky = SubResource("Sky_ehbyn")

[sub_resource type="ShaderMaterial" id="ShaderMaterial_p8pmp"]
render_priority = 0
shader = ExtResource("1_svdwr")
shader_parameter/color1 = Color(1.05888e-06, 0, 0.763609, 1)
shader_parameter/color2 = Color(0.00103289, 0.188448, 0.701858, 1)
shader_parameter/color3 = Color(0.105882, 0.207843, 0.74902, 1)
shader_parameter/x_amount = 512.0
shader_parameter/y_amount = 512.0

[sub_resource type="PlaneMesh" id="PlaneMesh_1nesq"]
material = SubResource("ShaderMaterial_p8pmp")
size = Vector2(50, 50)

[sub_resource type="Curve3D" id="Curve3D_usqxl"]
_data = {
"points": PackedVector3Array(0, 0, 0, 0, 0, 0, 1.50411, -0.155705, 15.6342, 0, 0, 0, 0, 0, 0, 2.14312, -0.364947, 10.2096, 0, 0, 0, 0, 0, 0, 1.70343, 1.16677, 6.71318, 0, 0, 0, 0, 0, 0, 1.47695, 2.0301, 4.52482, 0, 0, 0, 0, 0, 0, 2.02493, 1.41742, 2.12989, 0, 0, 0, 0, 0, 0, 3.03423, -0.0586038, -0.470947, 0, 0, 0, 0, 0, 0, 3.42254, -0.476345, -2.25367, 0, 0, 0, 0, 0, 0, 3.27569, 0.247739, -4.52841, 0, 0, 0, 0, 0, 0, 3.0042, 1.05537, -5.96774, 0, 0, 0, 0, 0, 0, 2.63562, 2.16935, -8.01307, 0, 0, 0, 0, 0, 0, 3.32958, 1.47311, -11.4611, 0, 0, 0, 0, 0, 0, 4.05805, 0.359137, -13.0849, 0, 0, 0, 0, 0, 0, 4.26223, 0.406378, -15.4125),
"tilts": PackedFloat32Array(0, 0, 0, 0.119667, 0, 0, 0, 0, 0, 0, 0, 0, 0)
}
point_count = 13

[sub_resource type="Curve3D" id="Curve3D_6bf8h"]
_data = {
"points": PackedVector3Array(0, 0, 0, 0, 0, 0, 4.04686, -0.562074, 1.03733, 0, 0, 0, 0, 0, 0, 2.72177, -0.39876, 0.048912, 0, 0, 0, 0, 0, 0, -0.119213, -0.150712, -0.788383),
"tilts": PackedFloat32Array(0, 0, 0)
}
point_count = 3

[node name="facility_exterior" type="Node3D"]
script = ExtResource("1_h7mff")

[node name="WorldEnvironment" type="WorldEnvironment" parent="."]
environment = SubResource("Environment_gkvph")

[node name="DirectionalLight3D" type="DirectionalLight3D" parent="."]
transform = Transform3D(0.866026, 0.482963, -0.12941, -0.12941, 0.466506, 0.875, 0.482963, -0.741025, 0.466506, 0, 10, 0)
directional_shadow_mode = 0
directional_shadow_fade_start = 0.0
directional_shadow_max_distance = 0.0
directional_shadow_pancake_size = 0.0

[node name="world" type="Node3D" parent="."]

[node name="Water" type="MeshInstance3D" parent="world"]
mesh = SubResource("PlaneMesh_1nesq")
skeleton = NodePath("../..")

[node name="player" parent="world" instance=ExtResource("2_o63d5")]
transform = Transform3D(1, 0, 0, 0, 1, 0, 0, 0, 1, 0, 3.66678, 2.2784)

[node name="boat" parent="world" instance=ExtResource("2_rhyc4")]
transform = Transform3D(3, 0, 0, 0, 3, 0, 0, 0, 3, 0, 0, 0)

[node name="boat2" parent="world" instance=ExtResource("2_rhyc4")]
transform = Transform3D(3.5, 0, 0, 0, 3.5, 0, 0, 0, 3.5, 5.46677, 0, 0)

[node name="boat3" parent="world" instance=ExtResource("2_rhyc4")]
transform = Transform3D(4, 0, 0, 0, 4, 0, 0, 0, 4, 11.7428, 0, 0)

[node name="Path3D" type="Path3D" parent="world"]
transform = Transform3D(1, 0, 0, 0, 1, 0, 0, 0, 1, -19.3695, 1.35001, 4.10554)
curve = SubResource("Curve3D_usqxl")

[node name="PathFollow3D" type="PathFollow3D" parent="world/Path3D"]
transform = Transform3D(0.993127, 0.00447825, -0.116903, 0, 0.999261, 0.0382793, 0.116988, -0.0380164, 0.992401, 1.50411, -0.155705, 15.6342)

[node name="Box" type="MeshInstance3D" parent="world/Path3D/PathFollow3D"]
transform = Transform3D(0.993133, 0, 0.116989, 0.00447827, 0.999267, -0.0380166, -0.116903, 0.0382795, 0.992405, 0, 0, 0)
mesh = ExtResource("4_465gm")
skeleton = NodePath("../..")

[node name="Path3D" type="Path3D" parent="world/Path3D/PathFollow3D"]
transform = Transform3D(1, -4.65661e-10, 0, 1.86265e-09, 1, 3.72529e-09, -1.49012e-08, -3.72529e-09, 1, 1.07195, -0.244292, -0.135723)
curve = SubResource("Curve3D_6bf8h")

[node name="PathFollow3D" type="PathFollow3D" parent="world/Path3D/PathFollow3D/Path3D"]
transform = Transform3D(0.597906, 0.0788037, 0.797682, 0, 0.995154, -0.0983121, -0.801565, 0.0587814, 0.595009, 4.04686, -0.562074, 1.03733)

[node name="Box" type="MeshInstance3D" parent="world/Path3D/PathFollow3D/Path3D/PathFollow3D"]
transform = Transform3D(0.687511, -0.0306837, -0.725534, 0.0758481, 0.996684, 0.0297219, 0.722213, -0.0754642, 0.687552, -1.58816, 0.179467, -3.9006)
mesh = ExtResource("4_465gm")
skeleton = NodePath("../..")
